patid	pracid	gen_hesid	n_patid_hes	match_rank
1000001	1	1236275	1	1
1001001	1	1235450	1	1
1002003	3	1235459	1	1
1003004	4	1236872	1	1
1004005	5	1235080	1	1
1005006	6	1235878	1	1
1006002	2	1236221	1	1
1007001	1	1236339	1	1
1008007	7	1235433	1	1
1009010	10	1235558	1	1
1010009	9	1234933	1	1
1011008	8	1236644	1	1
2000001	1	1235449	1	1
2001001	1	1236971	1	1
2002003	3	1235745	1	1
2003004	4	1236557	1	1
2004005	5	1235949	1	1
2005006	6	1236673	1	1
2006002	2	1235357	1	1
2007001	1	1235060	1	1
2008007	7	1235472	1	1
2009010	10	1236416	1	1
2010009	9	1235821	1	1
2011008	8	1236554	1	1
